3259;
3270;
2502;
3105;
3272;
2859;
3063;
4603;
5015;
5081;
5140;
3616;
2656;
3147;
2928;
2994;
2984;
3048;
3027;
3131;
3206;
3153;
2522;
3132;
2252;
2838;
29078;
44782;
44792;
44789;
44813;
44812;
44811;
44815;
44816;
44814;
44817;
44793;
44790;
44794;
44795;
44691;
44689;
44822;
44692;
44693;
44694;
44800;
44696;
44698;
44697;
44699;
44700;
44802;
61576;
44803;
61579;
61577;
44801;
44804;
44703;
44705;
44706;
44707;
44709;
44708;
44710;
44714;
44715;
44713;
44716;
44711;
44717;
44712;
44722;
44719;
61580;
44720;
44721;
44724;
44723;
44718;
44727;
44730;
44725;
44728;
44731;
44726;
62690;
62691;
44732;
44737;
44833;
44733;
44734;
44735;
44741;
44744;
44742;
62692;
44739;
44745;
44740;
44747;
44748;
44750;
44751;
44752;
44753;
44754;
44755;
44756;
44757;
44758;
44759;
44760;
44761;
44762;
44763;
44764;
44765;
44766;
44767;
44768;
44769;
44770;
44771;
44772;
44773;
44781;
44788;
44784;
44808;
44818;
44820;
44819;
44824;
44821;
44823;
44828;
44829;
44830;
44831;
44825;
44827;
44838;
44834;
33581;
33582;
33599;
33600;
33601;
33606;
33624;
33608;
33609;
33610;
33611;
35549;
33613;
33614;
35551;
33615;
33616;
33617;
36076;
33642;
36074;
33619;
33620;
33637;
36078;
36080;
36079;
36082;
36081;
33625;
33626;
33627;
33629;
33630;
33638;
33631;
36567;
33632;
36568;
36574;
33636;
37513;
37512;
33635;
37517;
37521;
37520;
37522;
37523;
37524;
37525;
37528;
37529;
35003;
35004;
37531;
37530;
35001;
35009;
35010;
35007;
35006;
35008;
35011;
37533;
35016;
35014;
35012;
35013;
37536;
37537;
37538;
37539;
35019;
38489;
38490;
38491;
38492;
34981;
38495;
35024;
35025;
35021;
38493;
38496;
38497;
38500;
38498;
38499;
35026;
35027;
35028;
38503;
38503;
38504;
38505;
38506;
35030;
35031;
35032;
38511;
38510;
38509;
35029;
34978;
34974;
34979;
34975;
38512;
38513;
38514;
38515;
40283;
34983;
34976;
35034;
34977;
35033;
40300;
40301;
40303;
35037;
35038;
35036;
40302;
40304;
35041;
35040;
35039;
40306;
40312;
40310;
35043;
34994;
34993;
40288;
34982;
40286;
35035;
40292;
40290;
38502;
38501;
40298;
40299;
40296;
40294;
40297;
40293;
40295;
40313;
40315;
40314;
40317;
40320;
40321;
40322;
44836;
44837;
44849;
44846;
44848;
44854;
44855;
44853;
44852;
44851;
44859;
44860;
44857;
44858;
44856;
